1 0.970722
2 0.480305
3 0.330200
4 0.250153
5 0.210104
6 0.170082
7 0.150067
8 0.130069
9 0.120058
10 0.110053
11 0.100047
12 0.090036
13 0.090042
14 0.080040
15 0.070033
16 0.070033
17 0.070035
18 0.060027
19 0.060028
20 0.060017
21 0.050029
22 0.050023
23 0.050023
24 0.050024
25 0.050021
26 0.040018
27 0.040020
28 0.040019
29 0.040017
30 0.040017
31 0.040017
32 0.040017
33 0.040017
34 0.040018
35 0.040015
36 0.040017
37 0.030012
38 0.040013
39 0.030014
40 0.040017
41 0.040016
42 0.030015
43 0.040016
44 0.030015
45 0.030014
46 0.040014
47 0.030015
48 0.040017
49 0.040014
50 0.030016
51 0.040016
52 0.040016
53 0.040016
54 0.030014
55 0.040017
56 0.040014
57 0.040015
58 0.040015
59 0.040017
60 0.040014
61 0.040016
62 0.040015
63 0.040015
64 0.040019
65 0.040016
66 0.040016
67 0.040015
68 0.040015
69 0.040014
70 0.040015
71 0.040015
72 0.040016
73 0.040017
74 0.040012
75 0.040013
76 0.040012
77 0.040009
78 0.040015
79 0.040016
80 0.040014
81 0.040015
82 0.040018
83 0.040015
84 0.040018
85 0.040017
86 0.040016
87 0.040017
88 0.040015
89 0.040016
90 0.040018
91 0.040017
92 0.040017
93 0.040017
94 0.040017
95 0.040016
96 0.040018
97 0.040016
98 0.040017
99 0.040017
