1 1.149093
2 0.535031
3 0.353070
4 0.262445
5 0.215998
6 0.176645
7 0.155930
8 0.134885
9 0.121796
10 0.104694
11 0.102557
12 0.091682
13 0.083325
14 0.076069
15 0.073283
16 0.070275
17 0.067528
18 0.061652
19 0.061633
20 0.057501
21 0.051671
22 0.051670
23 0.050784
24 0.051659
25 0.043361
26 0.041630
27 0.045996
28 0.041669
29 0.041630
30 0.041597
31 0.041667
32 0.041650
33 0.041656
34 0.041562
35 0.038200
36 0.041635
37 0.043504
38 0.043280
39 0.043261
40 0.043249
41 0.041677
42 0.041689
43 0.045458
44 0.041666
45 0.039922
46 0.041646
47 0.040853
48 0.046052
49 0.042459
50 0.043324
51 0.044464
52 0.045717
53 0.045510
54 0.050012
55 0.051692
56 0.046549
57 0.051658
58 0.046597
59 0.051552
60 0.051658
61 0.048964
62 0.043409
63 0.048699
64 0.044143
65 0.050828
66 0.049327
67 0.045790
68 0.050416
69 0.045011
70 0.051672
71 0.051537
72 0.044128
73 0.050850
74 0.047396
75 0.051560
76 0.044085
77 0.050748
78 0.049156
79 0.050012
80 0.051654
81 0.051656
82 0.049411
83 0.051659
84 0.051652
85 0.049194
86 0.051277
87 0.049139
88 0.049199
89 0.050638
90 0.047719
91 0.050014
92 0.050013
93 0.050729
94 0.049996
95 0.051267
96 0.051659
97 0.051662
98 0.051653
99 0.051637
