1 0.960751
2 0.49227
3 0.341558
4 0.261327
5 0.220126
6 0.190073
7 0.160092
8 0.140084
9 0.130056
10 0.120051
11 0.110055
12 0.100056
13 0.090049
14 0.090039
15 0.080041
16 0.080042
17 0.08004
18 0.070034
19 0.070036
20 0.060037
21 0.060027
22 0.060023
23 0.050025
24 0.050031
25 0.050021
26 0.050024
27 0.050021
28 0.050024
29 0.050022
30 0.050026
31 0.050024
32 0.040022
33 0.050018
34 0.050022
35 0.040021
36 0.040023
37 0.050018
38 0.04002
39 0.040019
40 0.040023
41 0.050021
42 0.040021
43 0.040023
44 0.040016
45 0.040021
46 0.040023
47 0.050019
48 0.050016
49 0.040016
50 0.050022
51 0.05002
52 0.040016
53 0.050012
54 0.040014
55 0.040019
56 0.050022
57 0.050018
58 0.050014
59 0.050018
60 0.050023
61 0.050018
62 0.050021
63 0.050023
64 0.050018
65 0.04665
66 0.050019
67 0.050018
68 0.050016
69 0.050025
70 0.050019
71 0.050022
72 0.050022
73 0.050013
74 0.050024
75 0.050015
76 0.050024
77 0.050023
78 0.050019
79 0.050021
80 0.050023
81 0.050021
82 0.050019
83 0.050014
84 0.050019
85 0.050014
86 0.050017
87 0.050015
88 0.050025
89 0.050024
90 0.050016
91 0.049713
92 0.050025
93 0.050022
94 0.050021
95 0.050017
96 0.050017
97 0.05002
98 0.050022
99 0.050026
