1 0.612771
2 0.304609
3 0.203007
4 0.153132
5 0.123545
6 0.103576
7 0.089298
8 0.078626
9 0.070461
10 0.063963
11 0.059875
12 0.058235
13 0.057673
14 0.057875
15 0.057835
16 0.057797
17 0.057809
18 0.057853
19 0.057892
20 0.057928
21 0.058
22 0.058066
23 0.058163
24 0.058265
25 0.058423
26 0.058544
27 0.058608
28 0.058613
29 0.058612
30 0.058613
31 0.058618
32 0.058669
33 0.058656
34 0.058664
35 0.058659
36 0.058702
37 0.058723
38 0.05875
39 0.058777
40 0.058802
41 0.0588
42 0.058804
43 0.058853
44 0.05884
45 0.058955
46 0.059049
47 0.059109
48 0.059107
49 0.059158
50 0.059163
51 0.059168
52 0.059234
53 0.059258
54 0.059187
55 0.059185
56 0.059244
57 0.059324
58 0.059282
59 0.059305
60 0.059312
61 0.059313
62 0.059298
63 0.059286
64 0.059265
65 0.059215
66 0.05922
67 0.059216
68 0.059235
69 0.059251
70 0.059254
71 0.059237
72 0.059155
73 0.059157
74 0.059144
75 0.059146
76 0.059143
77 0.059146
78 0.059148
79 0.05915
80 0.059144
81 0.059175
82 0.059153
83 0.059171
84 0.059167
85 0.059164
86 0.059156
87 0.059138
88 0.059161
89 0.059148
90 0.059167
91 0.059185
92 0.059194
93 0.059184
94 0.059231
95 0.0592
96 0.059133
97 0.059151
98 0.059149
99 0.059154