1 0.734737
2 0.366108
3 0.24404
4 0.184
5 0.148582
6 0.12501
7 0.108471
8 0.096319
9 0.087707
10 0.0816
11 0.078199
12 0.077484
13 0.077458
14 0.077958
15 0.078714
16 0.079406
17 0.080118
18 0.080616
19 0.080929
20 0.081258
21 0.081742
22 0.082104
23 0.082546
24 0.083296
25 0.084358
26 0.085586
27 0.087076
28 0.088739
29 0.090659
30 0.093347
31 0.095782
32 0.09861
33 0.100647
34 0.102445
35 0.105611
36 0.108272
37 0.110474
38 0.11323
39 0.115389
40 0.116877
41 0.120062
42 0.121382
43 0.123294
44 0.123405
45 0.123276
46 0.123968
47 0.125066
48 0.125899
49 0.126735
50 0.12757
51 0.12846
52 0.130411
53 0.131254
54 0.132562
55 0.132707
56 0.132753
57 0.13227
58 0.130542
59 0.128813
60 0.127124
61 0.125511
62 0.124002
63 0.123327
64 0.122061
65 0.120779
66 0.118853
67 0.117117
68 0.115413
69 0.114422
70 0.113425
71 0.112594
72 0.111694
73 0.110738
74 0.110401
75 0.109531
76 0.108615
77 0.107204
78 0.106081
79 0.105107
80 0.104547
81 0.104065
82 0.103542
83 0.10297
84 0.102431
85 0.102023
86 0.101435
87 0.101096
88 0.10019
89 0.099592
90 0.099136
91 0.098799
92 0.098467
93 0.098115
94 0.097748
95 0.097408
96 0.097261
97 0.096897
98 0.096645
99 0.096183
